7.116108864164029
6.66906182318589
6.598155462571168
6.553284409356998
6.5134476569692445
6.473142091367329
6.434313198454683
6.395825752928101
6.360191845768092
6.328762952420796
6.296640825163806
6.2710794270622525
6.248514282137448
6.227375244681064
6.209656097337367
6.189883587498726
6.1750574201772155
6.16004166247347
6.145760554519918
6.131695182860661
6.120122760062659
6.107050063112398
6.095128684988935
6.08582321395529
6.075205101496129
6.064838697969599
6.056249765857504
6.045681366636597
6.037966833136184
6.029454541727395
6.019656223736945
6.012944719534488
6.0034967165920365
5.9968339054765964
5.989514386105915
5.982662220691143
5.974943299354605
5.970371379651067
5.963090763652604
5.957307258942294
5.950659272180254
5.945911735183957
5.937427052538828
5.9313463783839095
5.927544094695125
5.922749310215345
5.917323253346999
5.911550558862061
5.905961192633392
5.900709151143675
5.895881018246936
5.892020646305846
5.887172390306095
5.884305267650199
5.878822804934654
5.874781294523007
5.870094752437474
5.866657594854704
5.8611621766855775
5.858506492321529
5.8532244435089735
5.848854712462551
5.846153687604316
5.843387499912035
5.83944017400217
5.836684880978916
5.832489068290751
5.830022537357931
5.8261599113102145
5.823387081315846
5.820261915375077
5.816119977021091
5.814780632714715
5.811912151414286
5.807583566707332
5.804409928311058
5.802346635242109
5.798955263009894
5.797265733375348
5.793971358876347
5.790946373296305
5.787028156013172
5.786751883678537
5.782447060697853
5.779523498417294
5.777992513724171
5.774698507183912
5.773451981188753
5.769171304781812
5.7680553412563205
5.764938305263333
5.763187700586384
5.761441500274957
5.760240427605083
5.758135704322246
5.754683507144586
5.752197299043128
5.750738187759733
5.7500491167426375
5.745906935119054
5.74551431703316
5.741961917575356
5.739274745429469
5.7378549834526655
5.736519574580017
5.734452542992759
5.732249024225162
5.72995989935328
5.730257308114806
5.727668013712833
5.725347353267598
5.7231928747043455
5.723428038429657
5.719910070064289
5.720702707093734
5.717750094758
5.716056528357338
5.714749660003248
5.713689672560645
5.710767115698601
5.711024322092937
5.707355033210461
5.706755152302033
5.705417416737146
5.7040051167048995
5.702818165529735
5.700548465573527
5.700292274299742
5.699253515992384
5.697584760575341
5.69654717118379
5.696077220675275
5.693993952189879
5.691883362767925
5.69061462377909
5.690411193261222
5.688264940947452
5.686089384888201
5.68583104335552
5.685077085473435
5.68406102454294
5.683133527400715
5.6810965254150485
5.679864975412537
5.6795969634641805
5.677444417762326
5.674942392106333
5.676458832727129
5.676711732494984
5.674053726110048
5.672784642159894
5.67167837061016
5.670000831974837
5.669330635013307
5.669763793959686
5.666982156312277
5.667079344852221
5.662722699697878
5.664002781805457
5.6620945028550835
5.662173587393743
5.661979998334871
5.661238775993525
5.659840940261301
5.657208112100056
5.658051365735213
5.657707914698816
5.6578885177606555
5.655895632375158
5.6538250038474684
5.654177700925251
5.653354047201771
5.65261876035114
5.650474439820762
5.650611813120493
5.649980026164626
5.648537733182929
5.648347847427564
5.647187041805126
5.6463474099044975
5.647772127466267
5.64414640647986
5.642514984501693
5.641615864740069
5.641563066254007
5.642407571811288
5.639271903954328
5.639997492361177
5.639215194469299
5.639021512342739
5.637139192809713
5.6361672818975155
5.635930812349873
5.635549288004435
5.633236414701667
5.634640282944979
5.634321485862933
5.632004336836469
5.631502878064039
5.630778291841692
5.6309114645186815
5.629527373698392
5.629851256803902
5.629561096542117
5.627268957570701
5.6294621939756135
5.626546838540463
5.626739653233037
5.625499493211575
5.624748120383383
5.624357619497591
5.625305823302395
5.622986900959145
5.622610849640651
5.6240748999796155
5.621542055982347
5.620902227834373
5.620783467713207
5.6199136908645455
5.618974404309869
5.618858664756263
5.617506633059998
5.617008776977355
5.617362280042888
5.6172060973678395
5.615651725734547
5.615662859001821
5.615448274375266
5.6145497496719186
5.613482037970422
5.614113891762544
5.612564165608363
5.611992382518133
5.611871645696736
5.611758467480933
5.6098500688721025
5.611062251093159
5.610382668668378
5.608546667738615
5.60747293107206
5.6073941587952625
5.606684058433021
5.609465450295489
5.606337036687625
5.606471227359844
5.6055627383050295
5.60599549371853
5.6045509473488755
5.603384010398307
5.603441261760076
5.602754878925936
5.603170881795991
5.602242422355416
5.601015019794111
5.600772553668852
5.602042332572333
5.600071217839486
5.599578545519348
5.599451500936478
5.600977088781614
5.598838401182127
5.5984969203779364
5.596682606735172
5.596810489645917
5.5966684011561405
5.598162257231171
5.595882344623212
5.595085271966125
5.594853653796382
5.595892138290693
5.595711148225372
5.5935387568268995
5.592974648048038
5.5928720461307115
5.592459774951604
5.59277302462442
5.592929486861872
5.592173360754155
5.591787862885511
5.589555879059643
5.590348971366164
5.591165015458522
5.590857854353007
5.589186576765646
5.58916404180807
5.589667734205049
5.587520146244167
5.588866882784167
5.5857126358854385
5.587549105028327
5.586329649872769
5.587153447330133
5.585999077032991
5.585444491701909
5.585663585260387
5.584405842991637
5.586036142408174
5.582930933917117
5.58332797900662
5.5829649219498565
5.584576890624908
5.582962736476159
5.5827820741240926
5.581495829785598
5.581064088414644
5.582147806680733
5.58147983184504
5.58009582798375
5.580692233406878
5.580631958602871
5.579551427635647
5.579906679223872
5.579633085370154
5.578682870009652
5.5784063482967285
5.577890913560144
5.579305952800874
5.5783710519263145
5.577253830010673
5.579245648172087
5.576627053977317
5.5775961915442345
5.576938776477621
5.576523427237401
5.575548086116075
5.575012751423333
5.5743330712595105
5.574498683955316
5.575651104502329
5.5736996180686
5.5750982536798865
5.573542560772871
5.5737479342135074
5.5715532425030245
5.572662158037543
5.57254611340877
5.57328773892366
5.5725148067316255
5.569705264947427
5.5708594052703555
5.571097668976198
5.570422960567402
5.572247052426255
5.568866981270624
5.5684593803647235
5.569347205158455
5.5682790230878245
5.568979876330677
5.568338686304157
5.567796040587436
5.568290247985449
5.567980128477279
5.56589708565408
5.567744048807795
5.566333058550561
5.567484401812119
5.567305914513042
5.565139883338911
5.566354309964558
5.564514349525641
5.566643661723249
5.564174932021348
5.564512424569608
5.563816239803288
5.564180586512321
5.564730395925791
5.565242196351132
5.5629644782002385
5.563452765199593
5.563903267076344
5.5619625463104825
5.5623855202738826
5.562101227588553
5.561439846544761
5.56316630105462
5.562313217459177
5.562994301903041
5.561166837687948
5.56124880409097
5.560544907642471
5.560156719434863
5.560502645568732
5.560657046662297
5.559436165666616
5.55798626556914
5.560284669541199
5.557567880669302
5.559026532004269
5.558845778021852
5.558586596005288
5.556867695429672
5.558961682869423
5.559325488779719
5.557424044734837
5.5578971548734435
5.5562254924386085
5.557085727154086
5.556091934914147
5.55522028485365
5.555403545195659
5.556764471144629
5.557170047918117
5.555632438530307
5.553898756362122
5.555851666479966
5.554309212541616
5.553647388438129
5.554045512250427
5.554436379298287
5.553839082365747
5.55396596991935
5.55438941928257
5.551491334551514
5.552767053257727
5.554775026748301
5.5534989070245535
5.553735473951901
5.552618972861686
5.550353061730644
5.552288404333924
5.55138770637426
5.550701580105101
5.552242471296803
5.551224463490858
5.551474267230864
5.551574335479161
5.550506348886612
5.549348555207701
5.55002513431299
5.548761182381142
5.549603545944225
5.552213134133196
5.550341205481937
5.548115141336058
5.548363662610488
5.5492910289548805
5.549219689516529
5.546872480704359
5.547796949732995
5.547201914093776
5.546791495644427
5.54866881790966
5.546986331594736
5.546962724741725
5.546193780086951
5.547500117703677
5.546260282880127
5.544821987137726
5.545034467500228
5.546281190410807
5.546633371843282
5.544387707067057
5.545738936368918
5.546125503617655
5.544044678608277
5.5452656990258244
5.543526917179456
5.546038216545605
5.544677967223891
5.543520857358931
5.545096829320222
5.543895734730931
5.544030798586491
5.544024852315735
5.542607448652623
5.5443215610932475
5.543481028340504
5.543524065858543
5.544227483313876
5.541982316575557
5.54016612612761
5.541737276895116
5.541602050260933
5.542089976847576
5.541554965196737
5.541645574677503
5.540873052486371
5.5419024731219935
5.542289580810133
5.540796691345467
5.540850084530471
5.540066095250122
5.541761006999932
5.538786105132229
5.540942935541149
5.540490535658468
5.5406725864798485
5.539413898442145
5.5410256658897605
5.539089400514949
5.538658989401086
5.538809445358885
5.538087516416709
5.538203303043161
5.537089155954621
5.539171471843705
5.536530269027744
5.536868650929408
5.537210990184217
5.537877611765398
