4.2690278824415975
5.512434061793519
6.880180859080633
7.5357950263752835
7.950263752825923
8.53051996985682
8.798040693293142
9.238884702336096
9.385832705350415
9.638281838733986
9.93594574227581
9.954785229841749
10.312735493594575
10.357950263752826
10.659382064807838
10.776186887716655
10.817633760361717
10.847776940467218
10.919366993217784
10.844009042954033
10.960813865862848
11.03993971363979
11.292388847023362
11.100226073850791
11.446872645064055
11.488319517709119
11.737000753579503
11.574981160512435
11.646571213262998
11.61266013564431
11.744536548605877
11.695553880934439
11.642803315749811
11.778447626224567
12.079879427279577
12.0120572720422
12.087415222305953
11.85380557648832
11.936699321778448
11.970610399397136
12.215523737754333
12.087415222305953
12.094951017332328
12.415222305953279
12.302185380557649
12.351168048229088
12.42652599849284
12.151469480030142
12.532027128862094
12.44159758854559
12.483044461190655
12.6827430293896
12.272042200452148
12.53956292388847
12.400150715900528
12.55840241145441
12.678975131876413
12.878673700075357
12.547098718914846
12.592313489073097
12.637528259231349
12.547098718914846
12.6525998492841
12.758100979653353
12.467972871137906
12.501883948756593
12.675207234363226
12.784476262245667
12.792012057272043
12.697814619442353
12.60361718161266
12.81461944235117
12.897513187641296
12.980406932931423
12.799547852298417
13.006782215523739
12.60361718161266
12.776940467219292
12.867370007535794
12.614920874152222
12.705350414468727
12.822155237377544
12.743029389600602
12.92388847023361
12.957799547852296
12.76186887716654
12.78070836473248
12.9879427279578
13.074604370761115
12.87490580256217
13.010550113036926
12.984174830444612
12.784476262245667
13.063300678221552
12.867370007535794
13.048229088168803
12.976639035418236
13.14619442351168
13.104747550866616
13.078372268274302
13.063300678221552
13.006782215523739
13.00301431801055
12.96910324039186
13.14619442351168
13.078372268274302
13.010550113036926
13.104747550866616
12.88997739261492
12.927656367746799
13.074604370761115
13.168801808590807
13.108515448379803
13.010550113036926
13.266767143933686
13.02185380557649
13.08214016578749
13.123587038432555
12.980406932931423
13.308214016578749
13.24415975885456
13.05576488319518
13.059532780708366
13.360964581763376
13.085908063300678
13.014318010550113
13.247927656367747
13.251695553880936
13.17633760361718
13.217784476262246
13.078372268274302
13.221552373775433
13.0180859080633
13.236623963828183
13.251695553880936
13.406179351921626
13.334589299171062
13.251695553880936
13.127354935945743
13.379804069329316
13.376036171816127
13.30444611906556
13.440090429540316
13.360964581763376
13.16503391107762
13.37226827430294
13.247927656367747
13.214016578749058
13.364732479276565
13.522984174830444
13.440090429540316
13.391107761868879
13.342125094197439
13.470233609645819
13.474001507159006
13.421250941974378
13.477769404672193
13.402411454408439
13.526752072343632
13.436322532027129
13.360964581763376
13.50037678975132
13.41748304446119
13.421250941974378
13.443858327053505
13.496608892238132
13.522984174830444
13.696307460437076
13.345892991710626
13.553127354935945
13.590806330067823
13.549359457422758
13.085908063300678
13.481537302185382
13.907309721175585
13.360964581763376
13.556895252449133
13.700075357950265
13.507912584777696
13.519216277317256
13.443858327053505
13.530519969856819
13.583270535041446
13.492840994724945
13.775433308214016
13.214016578749058
13.470233609645819
13.681235870384326
13.722682743029392
13.57950263752826
13.519216277317256
13.519216277317256
13.794272795779955
13.541823662396382
13.722682743029392
13.334589299171062
13.526752072343632
13.474001507159006
13.538055764883195
13.492840994724945
13.662396382818386
13.752825923134889
13.571966842501885
13.651092690278825
13.534287867370006
13.549359457422758
13.767897513187641
13.696307460437076
13.560663149962322
13.57950263752826
13.685003767897513
13.752825923134889
13.779201205727205
13.677467972871138
13.564431047475509
13.538055764883195
13.541823662396382
13.718914845516203
13.568198944988696
13.745290128108515
13.741522230595326
13.794272795779955
13.617181612660136
13.636021100226072
13.38733986435569
13.564431047475509
13.877166541070082
13.899773926149209
13.651092690278825
13.790504898266768
13.515448379804068
13.703843255463452
13.605877920120573
13.654860587792012
13.530519969856819
13.779201205727205
13.651092690278825
13.944988696307462
13.756593820648078
13.602110022607386
13.458929917106255
13.741522230595326
13.57950263752826
13.869630746043708
13.941220798794273
13.538055764883195
13.764129615674452
13.718914845516203
13.605877920120573
13.571966842501885
13.877166541070082
13.903541823662396
14.020346646571213
14.080633006782215
13.775433308214016
13.839487565938208
13.722682743029392
13.884702336096458
13.749058025621702
13.658628485305199
13.786737000753579
13.899773926149209
13.598342125094199
13.538055764883195
13.741522230595326
13.839487565938208
13.963828183873398
13.828183873398645
13.70761115297664
13.820648078372269
13.839487565938208
14.050489826676715
13.843255463451396
13.647324792765636
13.790504898266768
13.756593820648078
13.83571966842502
13.553127354935945
13.805576488319518
13.779201205727205
13.587038432554635
13.896006028636021
13.696307460437076
13.937452901281086
13.911077618688772
13.658628485305199
13.752825923134889
13.877166541070082
13.918613413715148
13.869630746043708
13.933685003767899
13.813112283345893
13.843255463451396
13.888470233609645
13.801808590806331
13.798040693293142
13.877166541070082
13.918613413715148
13.884702336096458
13.990203466465712
13.911077618688772
13.880934438583271
13.975131876412961
13.944988696307462
13.767897513187641
13.862094951017331
13.944988696307462
13.794272795779955
14.114544084400904
13.96006028636021
13.907309721175585
13.880934438583271
13.820648078372269
14.193669932177844
13.828183873398645
13.986435568952524
13.741522230595326
13.847023360964581
14.005275056518462
13.61341371514695
13.847023360964581
13.669932177844762
13.809344385832706
13.952524491333836
14.238884702336097
13.933685003767899
14.039186134137152
13.903541823662396
13.790504898266768
13.975131876412961
13.83571966842502
14.04295403165034
13.990203466465712
13.798040693293142
13.899773926149209
14.178598342125095
14.016578749058025
13.892238131122832
13.83571966842502
13.944988696307462
14.073097211755838
14.046721929163528
13.782969103240392
13.775433308214016
14.031650339110776
14.001507159005275
14.04295403165034
13.963828183873398
13.982667671439335
14.189902034664655
14.050489826676715
14.061793519216279
13.941220798794273
14.201205727204218
13.933685003767899
13.828183873398645
14.133383571966842
13.911077618688772
14.031650339110776
13.907309721175585
13.884702336096458
14.118311981914092
14.208741522230595
14.012810851544838
14.065561416729466
14.001507159005275
13.862094951017331
13.737754333082139
14.174830444611908
13.839487565938208
13.782969103240392
13.847023360964581
14.321778447626224
14.061793519216279
14.054257724189902
13.982667671439335
13.971363978899772
13.952524491333836
13.941220798794273
14.073097211755838
13.929917106254711
14.099472494348152
14.197437829691031
14.024114544084402
14.133383571966842
13.813112283345893
14.012810851544838
14.246420497362472
14.355689525244914
14.073097211755838
13.820648078372269
14.103240391861341
13.993971363978899
13.847023360964581
14.174830444611908
14.197437829691031
14.140919366993218
14.054257724189902
14.174830444611908
14.039186134137152
14.140919366993218
14.095704596834965
14.005275056518462
14.103240391861341
14.125847776940468
14.031650339110776
14.148455162019594
14.110776186887716
13.997739261492088
14.080633006782215
13.790504898266768
14.122079879427279
13.896006028636021
14.287867370007538
13.907309721175585
14.107008289374528
14.020346646571213
14.269027882441598
14.099472494348152
14.21627731725697
14.174830444611908
14.027882441597589
14.148455162019594
14.193669932177844
14.163526752072345
14.208741522230595
14.246420497362472
13.907309721175585
14.031650339110776
14.246420497362472
14.18236623963828
14.001507159005275
14.144687264506405
14.118311981914092
14.189902034664655
14.189902034664655
14.269027882441598
14.231348907309721
14.302938960060285
14.174830444611908
14.027882441597589
13.820648078372269
14.009042954031651
14.144687264506405
14.197437829691031
14.137151469480031
14.08816880180859
14.069329314242655
14.284099472494349
14.035418236623965
13.869630746043708
13.990203466465712
14.250188394875659
14.378296910324039
14.114544084400904
14.155990957045969
14.076865109269027
13.941220798794273
14.235116804822908
14.005275056518462
14.212509419743782
14.355689525244914
14.148455162019594
14.242652599849285
14.039186134137152
14.152223059532782
14.231348907309721
14.299171062547098
14.065561416729466
14.122079879427279
14.159758854559158
14.148455162019594
14.114544084400904
14.208741522230595
14.302938960060285
14.073097211755838
14.178598342125095
14.378296910324039
14.095704596834965
14.076865109269027
14.431047475508665
14.125847776940468
14.133383571966842
14.031650339110776
13.963828183873398
14.058025621703091
14.080633006782215
14.253956292388848
14.400904295403166
14.269027882441598
14.310474755086661
14.257724189902035
14.419743782969102
14.193669932177844
14.355689525244914
14.212509419743782
14.246420497362472
14.152223059532782
14.408440090429538
14.18236623963828
